1  483.2493  432.4092
2  241.5331  275.8374
3  138.2521  405.6855
4  505.8606  354.5473
5  607.5545  281.2738
6  209.6419  118.4326
7  429.6092  319.8798
8  280.7328  40.0718
9  533.4404  300.4607
10 492.0667  317.2534
11 107.0423  350.2809
12 551.6675  427.5610
13 633.5182  471.5055
14 329.2310  369.1340
15 565.9399  279.0943
16 376.3367  445.5903
17 99.0415   278.4434
18 127.9122  8.1518
19 260.4511  58.0126
20 479.1717  414.1011
21 528.3736  232.4623
22 505.5763  405.5307
23 203.8555  100.5144
24 341.8010  265.0998
25 57.5684   302.3440
26 71.4917   15.3557
27 87.2272   295.0624
28 434.3375  173.9575
29 316.9133  23.7756
30 121.4147  234.9936
31 316.8037  92.4050
32 94.4693   59.0802
33 35.1835   98.6372
34 471.2576  408.3421
35 252.6128  269.0686
36 437.3862  446.2123
37 450.5904  334.4003
38 283.0755  279.7397
39 12.5297   391.3907
40 211.7490  421.9267
41 271.5581  474.6776
42 172.9731  0.2507
43 126.1144  415.4105
44 525.9016  294.0319
45 275.1497  475.1761
46 568.1734  253.2864
47 250.3571  230.1712
48 492.2332  384.6469
49 253.9466  109.3646
50 517.4490  239.0853